[40, 344, 96, 64, 408, 216, 16, 104];0.5;0.74
[240, 168, 8, 184, 440, 224, 352, 160];0.0;0.74
[104, 208, 440, 280, 392, 408, 88, 208];0.0020000000000000018;0.742
[152, 376, 184, 48, 504, 136, 400, 504];-0.0006666666666667043;0.74
[320, 504, 448, 328, 208, 344, 448, 96];0.0015000000000000568;0.742
[152, 272, 360, 352, 120, 160, 136, 128];0.0031999999999998696;0.744
[368, 152, 144, 8, 384, 504, 224, 336];-0.005333333333333412;0.736
[176, 400, 376, 136, 136, 168, 416, 56];-0.008571428571428563;0.732
[208, 64, 392, 176, 168, 400, 216, 200];-0.0035000000000000586;0.736
[312, 96, 376, 72, 240, 352, 496, 384];0.006888888888888833;0.746
[1, 496, 16, 8, 264, 280, 312, 224];-0.035800000000000054;0.704
[408, 240, 240, 152, 128, 40, 32, 400];-0.0038000000000000256;0.736
[376, 368, 128, 440, 392, 80, 496, 24];-0.0021999999999999797;0.738
[120, 128, 432, 384, 48, 240, 112, 48];0.0036000000000000476;0.744
[504, 288, 112, 208, 440, 512, 256, 168];0.0008000000000000229;0.742
[504, 80, 152, 360, 152, 304, 440, 8];0.0022000000000000908;0.744
[384, 504, 64, 224, 512, 128, 104, 40];-0.0024000000000000687;0.74
[504, 208, 40, 96, 352, 248, 456, 304];-0.0044000000000000705;0.738
[232, 72, 416, 336, 280, 248, 168, 72];-0.006400000000000072;0.736
[320, 392, 472, 104, 424, 152, 48, 256];-0.0044000000000000705;0.738
[288, 432, 512, 168, 488, 112, 88, 424];-0.008400000000000074;0.734
[344, 184, 16, 112, 192, 480, 208, 200];0.0015999999999999348;0.744
[304, 64, 216, 312, 32, 304, 3703, 472];-0.0028000000000000247;0.74
[336, 472, 432, 224, 200, 224, 392, 480];-0.0048000000000000265;0.738
[256, 64, 112, 80, 448, 80, 64, 152];-0.0028000000000000247;0.74
[1, 232, 3703, 280, 320, 144, 16, 56];-0.04080000000000006;0.702
[128, 160, 472, 440, 144, 472, 464, 352];-0.010800000000000032;0.732
[296, 192, 72, 160, 240, 264, 376, 88];0.0031999999999999806;0.746
[288, 376, 456, 496, 248, 408, 272, 296];-0.007400000000000073;0.736
[264, 328, 464, 272, 288, 104, 344, 256];-0.0034000000000000696;0.74
[384, 24, 176, 48, 416, 48, 360, 120];0.006599999999999939;0.75
[352, 304, 3703, 200, 488, 392, 176, 96];-0.006399999999999961;0.738
[352, 368, 264, 248, 56, 240, 400, 72];0.0036000000000000476;0.748
[400, 168, 224, 344, 416, 272, 344, 224];-0.009000000000000008;0.736
[504, 496, 56, 424, 80, 40, 224, 8];-0.0050000000000000044;0.74
[128, 120, 288, 360, 176, 104, 24, 112];-0.0050000000000000044;0.74
[400, 192, 408, 336, 16, 288, 200, 176];0.0030000000000000027;0.748
[288, 256, 216, 120, 352, 32, 312, 80];0.00040000000000006697;0.746
[288, 344, 128, 504, 344, 288, 248, 400];-0.005999999999999894;0.74
[104, 160, 432, 56, 376, 336, 440, 208];-0.005999999999999894;0.74
[320, 32, 176, 456, 392, 200, 336, 376];-0.0019999999999998908;0.744
[448, 120, 304, 8, 328, 416, 232, 464];-0.0019999999999998908;0.744
[328, 288, 288, 368, 184, 400, 472, 184];-0.005999999999999894;0.74
[192, 3703, 336, 296, 448, 192, 216, 160];-0.0039999999999998925;0.742
[456, 440, 1, 496, 280, 472, 400, 176];-0.005999999999999894;0.74
[184, 488, 288, 368, 184, 248, 456, 504];-0.009999999999999898;0.736
[120, 288, 72, 32, 120, 456, 464, 120];-0.005999999999999894;0.74
[8, 56, 304, 280, 184, 224, 32, 264];-0.009999999999999898;0.736
[88, 328, 312, 336, 96, 360, 200, 376];-0.0019999999999998908;0.744
[448, 496, 304, 480, 352, 24, 264, 432];-0.009999999999999898;0.736
[232, 24, 152, 248, 256, 184, 352, 224];-0.013999999999999901;0.732
[440, 16, 56, 16, 48, 152, 128, 24];-0.0019999999999998908;0.744
[296, 3703, 56, 488, 120, 488, 424, 472];-0.0039999999999998925;0.742
[72, 128, 24, 40, 296, 144, 224, 152];-0.0119999999999999;0.734
[96, 96, 224, 32, 144, 416, 168, 376];1.1102230246251565e-16;0.746
[152, 240, 424, 192, 72, 3703, 272, 160];-0.01419999999999999;0.732
[248, 64, 288, 456, 80, 472, 184, 504];-0.0041999999999999815;0.742
[408, 144, 336, 408, 104, 368, 224, 424];-0.008199999999999985;0.738
[224, 384, 152, 384, 232, 232, 376, 360];-0.010199999999999987;0.736
[448, 48, 24, 264, 16, 152, 384, 96];-0.0041999999999999815;0.742
[288, 1, 3703, 128, 32, 144, 456, 480];-0.006199999999999983;0.74
[496, 280, 472, 48, 24, 320, 448, 32];-0.00019999999999997797;0.746
[1, 312, 448, 416, 48, 280, 1, 256];-0.044399999999999995;0.702
[344, 168, 96, 360, 424, 16, 280, 432];-0.00039999999999995595;0.746
[24, 472, 240, 224, 448, 480, 472, 80];-0.014599999999999946;0.732
[176, 176, 40, 296, 352, 504, 152, 448];-0.0045999999999999375;0.742
[336, 264, 208, 128, 464, 272, 112, 3703];-0.006599999999999939;0.74
[344, 456, 160, 32, 472, 352, 208, 384];-0.0045999999999999375;0.742
[264, 3703, 464, 376, 512, 472, 200, 152];-0.016599999999999948;0.73
[192, 296, 304, 384, 496, 160, 416, 496];-0.010599999999999943;0.736
[40, 224, 40, 168, 480, 88, 320, 256];-0.012599999999999945;0.734
[320, 8, 360, 488, 120, 88, 248, 328];-0.0025999999999999357;0.744
[312, 96, 144, 368, 1, 128, 400, 472];-0.0045999999999999375;0.742
[472, 456, 192, 400, 136, 24, 368, 232];-0.006599999999999939;0.74
[312, 376, 280, 472, 144, 240, 416, 80];-0.006599999999999939;0.74
[408, 112, 56, 368, 456, 208, 32, 136];-0.008599999999999941;0.738
[232, 256, 288, 3703, 368, 280, 208, 392];-0.0045999999999999375;0.742
[296, 448, 56, 208, 120, 400, 504, 24];-0.006599999999999939;0.74
[88, 224, 472, 504, 496, 144, 336, 48];-0.012599999999999945;0.734
[168, 152, 392, 64, 136, 176, 136, 24];-0.008599999999999941;0.738
[240, 64, 152, 344, 192, 256, 336, 72];-0.008599999999999941;0.738
[136, 96, 40, 104, 472, 1, 48, 456];0.0014000000000000679;0.748
[48, 304, 152, 8, 488, 216, 296, 64];-0.009000000000000119;0.738
[232, 512, 208, 256, 112, 312, 224, 272];-0.009000000000000119;0.738
[40, 496, 432, 344, 416, 32, 144, 440];-0.009000000000000119;0.738
[376, 336, 3703, 328, 472, 88, 264, 352];-0.01100000000000012;0.736
[464, 288, 328, 216, 72, 184, 424, 328];-0.007000000000000117;0.74
[496, 376, 320, 296, 48, 8, 256, 16];-0.01100000000000012;0.736
[472, 1, 160, 464, 392, 200, 192, 64];-0.017000000000000126;0.73
[328, 472, 160, 296, 48, 424, 120, 272];-0.007000000000000117;0.74
[376, 96, 56, 120, 80, 216, 512, 136];-0.0050000000000001155;0.742
[384, 288, 456, 504, 216, 192, 120, 408];-0.0030000000000001137;0.744
[384, 168, 72, 176, 432, 256, 248, 160];-0.015000000000000124;0.732
[240, 56, 232, 312, 48, 456, 480, 112];-0.009000000000000119;0.738
[496, 152, 264, 344, 400, 216, 512, 304];-0.019000000000000128;0.728
[360, 152, 64, 280, 392, 360, 120, 496];-0.009000000000000119;0.738
[240, 464, 288, 80, 104, 16, 488, 504];-0.0030000000000001137;0.744
[472, 224, 160, 64, 464, 216, 272, 104];-0.009000000000000119;0.738
[64, 408, 456, 72, 104, 288, 24, 88];0.0009999999999998899;0.748
[352, 480, 352, 128, 96, 504, 360, 264];-0.011199999999999988;0.736
[360, 104, 128, 88, 384, 3703, 488, 432];-0.01319999999999999;0.734
[296, 64, 152, 144, 184, 464, 272, 328];-0.01319999999999999;0.734
[8, 160, 128, 104, 312, 360, 456, 512];-0.01319999999999999;0.734
[272, 40, 40, 96, 64, 152, 184, 440];-0.0011999999999999789;0.746
[176, 104, 408, 288, 152, 56, 328, 256];-0.009199999999999986;0.738
[320, 168, 64, 320, 112, 80, 72, 224];-0.009199999999999986;0.738
[320, 184, 280, 80, 264, 512, 232, 256];-0.009199999999999986;0.738
[16, 480, 448, 216, 416, 96, 168, 400];-0.01319999999999999;0.734
[1, 240, 128, 240, 424, 104, 72, 288];-0.05120000000000002;0.696
[96, 240, 496, 240, 392, 304, 336, 408];0.0008000000000000229;0.748
[264, 272, 416, 1, 128, 440, 464, 40];-0.011400000000000077;0.736
[144, 456, 160, 72, 64, 224, 480, 464];-0.011400000000000077;0.736
[176, 264, 104, 344, 232, 168, 432, 360];-0.009400000000000075;0.738
[8, 496, 376, 56, 64, 512, 352, 224];-0.011400000000000077;0.736
[288, 184, 304, 304, 88, 424, 408, 88];-0.011400000000000077;0.736
[312, 208, 240, 424, 504, 112, 392, 512];-0.0034000000000000696;0.744
[376, 128, 184, 112, 8, 440, 408, 152];-0.005400000000000071;0.742
[360, 344, 320, 296, 208, 24, 360, 304];-0.005400000000000071;0.742
[1, 344, 416, 200, 384, 472, 272, 384];-0.0394000000000001;0.708
[248, 96, 376, 192, 176, 312, 304, 288];-0.013400000000000079;0.734
[72, 16, 376, 192, 328, 1, 480, 368];-0.007400000000000073;0.74
[304, 184, 216, 344, 200, 56, 440, 448];-0.009400000000000075;0.738
[480, 288, 312, 416, 56, 240, 472, 112];-0.0034000000000000696;0.744
[3703, 24, 328, 280, 104, 456, 280, 24];-0.06940000000000002;0.678
[32, 360, 184, 296, 352, 336, 280, 224];0.0005999999999999339;0.748
[24, 352, 72, 208, 280, 240, 448, 160];-0.009600000000000053;0.738
[432, 96, 32, 408, 440, 480, 320, 120];-0.015600000000000058;0.732
[384, 256, 64, 312, 216, 440, 160, 496];-0.013600000000000056;0.734
[360, 264, 152, 16, 248, 368, 56, 352];-0.0036000000000000476;0.744
[136, 472, 96, 240, 184, 344, 296, 272];-0.013600000000000056;0.734
[328, 56, 144, 504, 224, 424, 424, 1];-0.015600000000000058;0.732
[472, 504, 448, 376, 256, 496, 64, 136];-0.005600000000000049;0.742
[136, 152, 496, 360, 168, 328, 360, 400];-0.015600000000000058;0.732
[488, 104, 432, 312, 448, 352, 496, 32];-0.007600000000000051;0.74
[88, 376, 8, 344, 304, 432, 304, 16];-0.007600000000000051;0.74
[224, 224, 272, 112, 256, 144, 16, 128];-0.005600000000000049;0.742
[336, 176, 3703, 240, 48, 3703, 208, 176];-0.011600000000000055;0.736
[344, 272, 88, 56, 120, 168, 328, 168];-0.0016000000000000458;0.746
[424, 424, 216, 104, 328, 80, 104, 16];-0.0036000000000000476;0.744
[400, 184, 280, 40, 384, 136, 144, 280];-0.009600000000000053;0.738
[112, 200, 24, 32, 192, 488, 128, 328];-0.015600000000000058;0.732
[192, 232, 512, 440, 480, 424, 72, 136];-0.013600000000000056;0.734
[440, 24, 456, 320, 168, 184, 272, 208];-0.011600000000000055;0.736
[360, 416, 208, 336, 312, 328, 312, 488];-0.015600000000000058;0.732
[128, 64, 312, 456, 336, 360, 32, 248];-0.021600000000000064;0.726
[1, 480, 224, 320, 232, 216, 304, 56];-0.0596000000000001;0.688
[392, 24, 504, 184, 184, 384, 240, 152];-0.005600000000000049;0.742
[96, 336, 96, 224, 32, 184, 72, 504];-0.015600000000000058;0.732
[384, 8, 200, 384, 368, 104, 40, 200];-0.019600000000000062;0.728
[456, 104, 328, 3703, 392, 88, 384, 360];-0.005600000000000049;0.742
[96, 240, 496, 240, 392, 304, 336, 408];-0.009600000000000053;0.738
